x: 9, y: 9
0,0,-1,-1,4
0,0,-1,-1,4
0,0,-1,-1,4
0,0,-1,-1,4
0,0,-1,-1,4
0,0,-1,-1,4
0,0,-1,-1,4
0,0,-1,-1,4
0,0,-1,-1,4
0,0,-1,-1,4
0,0,-1,-1,1
0,0,-1,-1,1
0,0,-1,-1,1
0,0,-1,-1,1
0,0,-1,-1,1
0,0,-1,-1,1
0,0,-1,-1,1
0,0,-1,-1,1
0,0,-1,-1,1
0,0,-1,-1,1
0,0,-1,-1,1
0,0,-1,-1,1
0,0,-1,-1,1
0,0,-1,-1,1
0,0,-1,-1,1
0,0,-1,-1,1
0,0,-1,-1,1
0,0,-1,-1,1
0,0,-1,-1,1
0,0,-1,-1,1
0,0,-1,-1,1
0,0,-1,-1,1
0,0,-1,-1,1
0,0,-1,-1,1
0,0,-1,-1,1
0,0,-1,-1,1
1,3,-1,-1,3
2,3,-1,-1,3
4,3,-1,-1,3
0,0,-1,-1,1
0,0,-1,-1,1
0,0,-1,-1,1
0,0,-1,-1,1
0,0,-1,-1,1
0,0,-1,-1,1
0,0,-1,-1,1
2,4,-1,-1,3
0,0,-1,-1,3
3,4,-1,-1,3
0,0,-1,-1,1
0,0,-1,-1,1
0,0,-1,-1,1
1,3,-1,-1,2
4,3,-1,-1,2
0,0,-1,-1,1
0,0,-1,-1,1
2,5,-1,-1,3
0,0,-1,-1,3
3,5,-1,-1,3
0,0,-1,-1,1
0,0,-1,-1,1
0,0,-1,-1,1
1,6,-1,-1,2
4,6,-1,-1,2
0,0,-1,-1,1
0,0,-1,-1,1
1,6,-1,-1,3
2,6,-1,-1,3
4,6,-1,-1,3
0,0,-1,-1,1
0,0,-1,-1,1
0,0,-1,-1,1
0,8,-1,-1,2
5,8,-1,-1,2
0,0,-1,-1,1
0,0,-1,-1,1
1,7,-1,-1,3
3,7,-1,-1,3
4,7,-1,-1,3
0,0,-1,-1,1
0,0,-1,-1,1
0,0,-1,-1,1
0,0,-1,-1,1
0,0,-1,-1,1
0,0,-1,-1,1
5,0,-1,-1,1
1,8,-1,-1,3
3,8,-1,-1,3
4,8,-1,-1,3
6,0,-1,-1,1
0,0,-1,-1,1
0,0,-1,-1,1
0,0,-1,-1,1
7,0,-1,-1,1
5,0,-1,-1,1
3,0,-1,-1,1
1,0,-1,-1,1
1,0,-1,-1,1
1,0,-1,-1,1
2,0,-1,-1,1
